| A B | S C |
| --- | --- |
| 0 0 | 0 0 |
| 1 0 | 1 0 |
| 2 0 | 2 0 |
| 0 1 | 1 0 |
| 1 1 | 2 0 |
| 2 1 | 0 1 |
| 0 2 | 2 0 |
| 1 2 | 0 1 |
| 2 2 | 1 1 |

single trit incrementer with carry
| I | O C |
| - | --- |
| 0 | 1 0 |
| 1 | 2 0 |
| 2 | 0 2 |

signal adder
| A B | S |
| --- | - |
| 0 0 | 0 |
| 2 0 | 1 |
| 0 2 | 1 |
| 2 2 | 2 |

| A B C | S C |
| ----- | --- |
| 0 0 0 | 0 0 |
| 1 0 0 | 1 0 |
| 2 0 0 | 2 0 |
| 0 1 0 | 1 0 |
| 1 1 0 | 2 0 |
| 2 1 0 | 0 1 |
| 0 2 0 | 2 0 |
| 1 2 0 | 0 1 |
| 2 2 0 | 1 1 |
| 0 0 1 | 1 0 |
| 1 0 1 | 2 0 |
| 2 0 1 | 0 1 |
| 0 1 1 | 2 0 |
| 1 1 1 | 0 1 |
| 2 1 1 | 1 1 |
| 0 2 1 | 0 1 |
| 1 2 1 | 1 1 |
| 2 2 1 | 2 1 |
| 0 0 2 | 2 0 |
| 1 0 2 | 0 1 |
| 2 0 2 | 1 1 |
| 0 1 2 | 0 1 |
| 1 1 2 | 1 1 |
| 2 1 2 | 2 1 |
| 0 2 2 | 1 1 |
| 1 2 2 | 2 1 |
| 2 2 2 | 0 2 |

ltspice test cases
| A B C | S C |
| ----- | --- |
| 0 0 0 | 0 0 | 0 + 0 = 0
| 0 2 0 | 2 0 | 2 + 0 = 2
| 1 1 0 | 2 0 | 1 + 1 = 2
| 2 0 0 | 2 0 | 2 + 0 = 2
| 2 2 0 | 1 1 | 2 + 2 = 4
| 0 0 1 | 1 0 | 0 + 0 + 1 = 1
| 0 2 1 | 0 1 | 2 + 1 = 3
| 1 1 1 | 0 1 | 1 + 1 + 1 = 3
| 2 0 1 | 0 1 | 2 + 1 = 3
| 2 2 1 | 2 1 | 2 + 2 + 1 = 5
| 0 0 2 | 2 0 | 0 + 0 + 2 = 2
| 0 2 2 | 1 1 | 2 + 2 = 4
| 1 1 2 | 1 1 | 1 + 1 + 2 = 4
| 2 0 2 | 1 1 | 2 + 2 = 4
| 2 2 2 | 0 2 | 2 + 2 + 2 = 6

0* -> * (diff)
11 -> 2
21 -> 0
22 -> 1

diff:
0* -> *
11 -> 0
21 -> 1
22 -> 0

diff w/ 0
0 -> 0
1 -> 1
2 -> 2

diff w/ 1
0 -> 1
1 -> 0
2 -> 1

diff w/ 2
0 -> 2
1 -> 1
2 -> 0

addition example
   02102110 1767
+  21022012 5324

= 100201122 7091
